  0.00 -90.00    46
  0.00 -80.00    36
 57.59 -80.00    27
115.18 -80.00    34
172.76 -80.00    52
230.35 -80.00    78
287.94 -80.00    50
345.53 -80.00    48
  0.00 -70.00    45
 29.24 -70.00    38
 58.48 -70.00    38
 87.71 -70.00    56
116.95 -70.00    41
146.19 -70.00    61
175.43 -70.00    68
204.67 -70.00   119
233.90 -70.00   104
263.14 -70.00    88
292.38 -70.00    57
321.62 -70.00    62
350.86 -70.00    42
  0.00 -60.00    25
 20.00 -60.00    28
 40.00 -60.00    31
 60.00 -60.00    37
 80.00 -60.00    30
100.00 -60.00    52
120.00 -60.00   158
140.00 -60.00    78
160.00 -60.00   225
180.00 -60.00   124
200.00 -60.00   202
220.00 -60.00    86
240.00 -60.00   128
260.00 -60.00   120
280.00 -60.00    57
300.00 -60.00    63
320.00 -60.00    35
340.00 -60.00    34
360.00 -60.00    25
  0.00 -50.00    27
 15.56 -50.00    31
 31.11 -50.00    29
 46.67 -50.00    22
 62.23 -50.00    34
 77.79 -50.00    59
 93.34 -50.00    28
108.90 -50.00   105
124.46 -50.00   121
140.02 -50.00    79
155.57 -50.00    86
171.13 -50.00    49
186.69 -50.00    73
202.24 -50.00   114
217.80 -50.00    94
233.36 -50.00    77
248.92 -50.00   129
264.47 -50.00   150
280.03 -50.00   105
295.59 -50.00    35
311.14 -50.00    35
326.70 -50.00    29
342.26 -50.00    23
357.82 -50.00    28
  0.00 -40.00    41
 13.05 -40.00    16
 26.11 -40.00    17
 39.16 -40.00    36
 52.22 -40.00    47
 65.27 -40.00    31
 78.32 -40.00    49
 91.38 -40.00    32
104.43 -40.00    86
117.49 -40.00   114
130.54 -40.00    91
143.59 -40.00   126
156.65 -40.00    63
169.70 -40.00    43
182.76 -40.00    33
195.81 -40.00    67
208.87 -40.00    72
221.92 -40.00    54
234.97 -40.00    77
248.03 -40.00    88
261.08 -40.00    94
274.14 -40.00    74
287.19 -40.00    52
300.24 -40.00    76
313.30 -40.00    42
326.35 -40.00    33
339.41 -40.00    35
352.46 -40.00    26
  0.00 -30.00    16
 11.55 -30.00    16
 23.09 -30.00    39
 34.64 -30.00    25
 46.19 -30.00    33
 57.74 -30.00    34
 69.28 -30.00    54
 80.83 -30.00    32
 92.38 -30.00    73
103.92 -30.00    68
115.47 -30.00   145
127.02 -30.00   116
138.56 -30.00    82
150.11 -30.00    37
161.66 -30.00    22
173.21 -30.00    64
184.75 -30.00    29
196.30 -30.00    40
207.85 -30.00    26
219.39 -30.00    40
230.94 -30.00    53
242.49 -30.00    44
254.03 -30.00    97
265.58 -30.00    61
277.13 -30.00   145
288.68 -30.00    63
300.22 -30.00    46
311.77 -30.00    33
323.32 -30.00    14
334.86 -30.00    26
346.41 -30.00    44
357.96 -30.00    33
  0.00 -20.00    15
 10.64 -20.00    25
 21.28 -20.00    29
 31.93 -20.00    24
 42.57 -20.00    38
 53.21 -20.00    33
 63.85 -20.00    54
 74.49 -20.00    29
 85.13 -20.00    51
 95.78 -20.00    52
106.42 -20.00   115
117.06 -20.00   104
127.70 -20.00    40
138.34 -20.00    72
148.98 -20.00    56
159.63 -20.00    29
170.27 -20.00    46
180.91 -20.00    38
191.55 -20.00    42
202.19 -20.00    31
212.84 -20.00    45
223.48 -20.00    58
234.12 -20.00    57
244.76 -20.00    27
255.40 -20.00    49
266.04 -20.00    54
276.69 -20.00    76
287.33 -20.00    88
297.97 -20.00    75
308.61 -20.00    62
319.25 -20.00    26
329.90 -20.00    29
340.54 -20.00    44
351.18 -20.00    34
  0.00 -10.00    40
 10.15 -10.00    39
 20.31 -10.00    15
 30.46 -10.00    21
 40.62 -10.00    25
 50.77 -10.00    35
 60.93 -10.00    40
 71.08 -10.00    33
 81.23 -10.00    36
 91.39 -10.00    86
101.54 -10.00   100
111.70 -10.00   101
121.85 -10.00    64
132.01 -10.00    41
142.16 -10.00    73
152.31 -10.00    53
162.47 -10.00    45
172.62 -10.00    25
182.78 -10.00    32
192.93 -10.00    36
203.09 -10.00    34
213.24 -10.00    45
223.39 -10.00    20
233.55 -10.00    43
243.70 -10.00    30
253.86 -10.00    18
264.01 -10.00    21
274.17 -10.00    40
284.32 -10.00    59
294.47 -10.00    45
304.63 -10.00    44
314.78 -10.00    42
324.94 -10.00    47
335.09 -10.00    34
345.25 -10.00    22
355.40 -10.00    16
  0.00   0.00    27
 10.00   0.00    37
 20.00   0.00    21
 30.00   0.00    28
 40.00   0.00    43
 50.00   0.00    39
 60.00   0.00    17
 70.00   0.00    61
 80.00   0.00    73
 90.00   0.00    48
100.00   0.00    84
110.00   0.00   135
120.00   0.00    61
130.00   0.00    42
140.00   0.00    31
150.00   0.00    34
160.00   0.00    45
170.00   0.00    31
180.00   0.00    10
190.00   0.00    31
200.00   0.00    29
210.00   0.00    42
220.00   0.00    36
230.00   0.00    42
240.00   0.00    22
250.00   0.00    32
260.00   0.00    52
270.00   0.00    42
280.00   0.00    53
290.00   0.00    90
300.00   0.00    39
310.00   0.00    66
320.00   0.00    71
330.00   0.00    56
340.00   0.00    54
350.00   0.00    24
  0.00  10.00    22
 10.15  10.00    25
 20.31  10.00    28
 30.46  10.00    24
 40.62  10.00    25
 50.77  10.00    31
 60.93  10.00    30
 71.08  10.00    21
 81.23  10.00    83
 91.39  10.00    98
101.54  10.00    63
111.70  10.00   104
121.85  10.00    68
132.01  10.00    24
142.16  10.00    37
152.31  10.00    41
162.47  10.00    36
172.62  10.00    33
182.78  10.00    29
192.93  10.00    23
203.09  10.00    26
213.24  10.00    19
223.39  10.00    44
233.55  10.00    46
243.70  10.00    55
253.86  10.00    48
264.01  10.00    55
274.17  10.00    87
284.32  10.00    95
294.47  10.00   110
304.63  10.00    73
314.78  10.00    34
324.94  10.00    72
335.09  10.00    47
345.25  10.00    42
355.40  10.00    35
  0.00  20.00    44
 10.64  20.00    47
 21.28  20.00    43
 31.93  20.00    23
 42.57  20.00    32
 53.21  20.00    34
 63.85  20.00    24
 74.49  20.00    49
 85.13  20.00   108
 95.78  20.00   102
106.42  20.00   114
117.06  20.00    80
127.70  20.00    41
138.34  20.00    39
148.98  20.00    37
159.63  20.00    20
170.27  20.00    32
180.91  20.00    16
191.55  20.00    13
202.19  20.00    19
212.84  20.00    44
223.48  20.00    39
234.12  20.00    34
244.76  20.00    46
255.40  20.00    41
266.04  20.00    61
276.69  20.00    93
287.33  20.00    60
297.97  20.00   163
308.61  20.00   122
319.25  20.00    66
329.90  20.00    82
340.54  20.00    59
351.18  20.00    24
  0.00  30.00    57
 11.55  30.00    48
 23.09  30.00    60
 34.64  30.00    56
 46.19  30.00    50
 57.74  30.00    31
 69.28  30.00    33
 80.83  30.00    74
 92.38  30.00    55
103.92  30.00    36
115.47  30.00    60
127.02  30.00    27
138.56  30.00    38
150.11  30.00    39
161.66  30.00    33
173.21  30.00    24
184.75  30.00    19
196.30  30.00    30
207.85  30.00    22
219.39  30.00    36
230.94  30.00    30
242.49  30.00    18
254.03  30.00    49
265.58  30.00    65
277.13  30.00    78
288.68  30.00   107
300.22  30.00   120
311.77  30.00   147
323.32  30.00    48
334.86  30.00    89
346.41  30.00    56
357.96  30.00    74
  0.00  40.00    59
 13.05  40.00    96
 26.11  40.00    76
 39.16  40.00    40
 52.22  40.00    87
 65.27  40.00    43
 78.32  40.00   135
 91.38  40.00    64
104.43  40.00    52
117.49  40.00    44
130.54  40.00    21
143.59  40.00    35
156.65  40.00    48
169.70  40.00    32
182.76  40.00    18
195.81  40.00    17
208.87  40.00    29
221.92  40.00    27
234.97  40.00    46
248.03  40.00    48
261.08  40.00    34
274.14  40.00    87
287.19  40.00   137
300.24  40.00   181
313.30  40.00    77
326.35  40.00    87
339.41  40.00   102
352.46  40.00    64
  0.00  50.00    60
 15.56  50.00    62
 31.11  50.00    60
 46.67  50.00    70
 62.23  50.00    70
 77.79  50.00    76
 93.34  50.00    67
108.90  50.00    73
124.46  50.00    47
140.02  50.00    30
155.57  50.00    41
171.13  50.00    39
186.69  50.00    25
202.24  50.00    14
217.80  50.00    40
233.36  50.00    26
248.92  50.00    46
264.47  50.00    23
280.03  50.00    74
295.59  50.00    85
311.14  50.00   106
326.70  50.00   171
342.26  50.00    90
357.82  50.00   135
  0.00  60.00   153
 20.00  60.00    78
 40.00  60.00   111
 60.00  60.00    59
 80.00  60.00    59
100.00  60.00    50
120.00  60.00    36
140.00  60.00    55
160.00  60.00    30
180.00  60.00    20
200.00  60.00    33
220.00  60.00    48
240.00  60.00    25
260.00  60.00    52
280.00  60.00    92
300.00  60.00    90
320.00  60.00    49
340.00  60.00    94
360.00  60.00   153
  0.00  70.00    72
 29.24  70.00    75
 58.48  70.00    68
 87.71  70.00    55
116.95  70.00    37
146.19  70.00    44
175.43  70.00    52
204.67  70.00    32
233.90  70.00    50
263.14  70.00    62
292.38  70.00    68
321.62  70.00    74
350.86  70.00    74
  0.00  80.00    63
 57.59  80.00    57
115.18  80.00    55
172.76  80.00    25
230.35  80.00    57
287.94  80.00    42
345.53  80.00    55
  0.00  90.00    50

--------------------------------
total = 424
n30   = 202
n60   = 386
n90   = 418
n120  = 423
