  0.00 -90.00    44
  0.00 -80.00    49
 57.59 -80.00    35
115.18 -80.00    57
172.76 -80.00    26
230.35 -80.00    71
287.94 -80.00    34
345.53 -80.00    42
  0.00 -70.00    44
 29.24 -70.00    51
 58.48 -70.00    34
 87.71 -70.00    35
116.95 -70.00    29
146.19 -70.00    71
175.43 -70.00    69
204.67 -70.00    53
233.90 -70.00    75
263.14 -70.00   120
292.38 -70.00   104
321.62 -70.00    71
350.86 -70.00    45
  0.00 -60.00    47
 20.00 -60.00    30
 40.00 -60.00    37
 60.00 -60.00    48
 80.00 -60.00    57
100.00 -60.00    57
120.00 -60.00    41
140.00 -60.00    72
160.00 -60.00   154
180.00 -60.00   136
200.00 -60.00    52
220.00 -60.00   123
240.00 -60.00   158
260.00 -60.00   115
280.00 -60.00   106
300.00 -60.00    62
320.00 -60.00    54
340.00 -60.00    54
360.00 -60.00    47
  0.00 -50.00    21
 15.56 -50.00    29
 31.11 -50.00    32
 46.67 -50.00    14
 62.23 -50.00    37
 77.79 -50.00    57
 93.34 -50.00    65
108.90 -50.00    77
124.46 -50.00   137
140.02 -50.00    48
155.57 -50.00   101
171.13 -50.00    46
186.69 -50.00    92
202.24 -50.00   110
217.80 -50.00    51
233.36 -50.00   123
248.92 -50.00   131
264.47 -50.00    88
280.03 -50.00   156
295.59 -50.00    58
311.14 -50.00    25
326.70 -50.00    52
342.26 -50.00    67
357.82 -50.00    16
  0.00 -40.00    26
 13.05 -40.00    31
 26.11 -40.00    42
 39.16 -40.00    44
 52.22 -40.00    32
 65.27 -40.00    29
 78.32 -40.00    46
 91.38 -40.00    48
104.43 -40.00    59
117.49 -40.00   127
130.54 -40.00    73
143.59 -40.00    64
156.65 -40.00    73
169.70 -40.00    81
182.76 -40.00    36
195.81 -40.00    47
208.87 -40.00    72
221.92 -40.00    94
234.97 -40.00    66
248.03 -40.00   121
261.08 -40.00   176
274.14 -40.00   135
287.19 -40.00    97
300.24 -40.00    44
313.30 -40.00    47
326.35 -40.00    50
339.41 -40.00    33
352.46 -40.00    24
  0.00 -30.00    53
 11.55 -30.00    28
 23.09 -30.00    23
 34.64 -30.00    26
 46.19 -30.00    45
 57.74 -30.00    17
 69.28 -30.00    32
 80.83 -30.00    68
 92.38 -30.00   102
103.92 -30.00   108
115.47 -30.00   102
127.02 -30.00    32
138.56 -30.00    76
150.11 -30.00    44
161.66 -30.00    67
173.21 -30.00    81
184.75 -30.00    36
196.30 -30.00    46
207.85 -30.00    42
219.39 -30.00    57
230.94 -30.00    35
242.49 -30.00    59
254.03 -30.00    42
265.58 -30.00    81
277.13 -30.00   188
288.68 -30.00    85
300.22 -30.00    72
311.77 -30.00    87
323.32 -30.00    44
334.86 -30.00    49
346.41 -30.00    58
357.96 -30.00    53
  0.00 -20.00    26
 10.64 -20.00    22
 21.28 -20.00    28
 31.93 -20.00    39
 42.57 -20.00    17
 53.21 -20.00    33
 63.85 -20.00    30
 74.49 -20.00    30
 85.13 -20.00    69
 95.78 -20.00    64
106.42 -20.00    75
117.06 -20.00    58
127.70 -20.00    28
138.34 -20.00    30
148.98 -20.00    44
159.63 -20.00    56
170.27 -20.00    29
180.91 -20.00    48
191.55 -20.00    46
202.19 -20.00    43
212.84 -20.00    19
223.48 -20.00    53
234.12 -20.00    34
244.76 -20.00    37
255.40 -20.00    36
266.04 -20.00    27
276.69 -20.00   105
287.33 -20.00    63
297.97 -20.00    64
308.61 -20.00    46
319.25 -20.00    35
329.90 -20.00    48
340.54 -20.00    48
351.18 -20.00    52
  0.00 -10.00    29
 10.15 -10.00    18
 20.31 -10.00    34
 30.46 -10.00    42
 40.62 -10.00    28
 50.77 -10.00    44
 60.93 -10.00    31
 71.08 -10.00    28
 81.23 -10.00    67
 91.39 -10.00    45
101.54 -10.00    49
111.70 -10.00    92
121.85 -10.00    54
132.01 -10.00    71
142.16 -10.00    61
152.31 -10.00    51
162.47 -10.00    36
172.62 -10.00    33
182.78 -10.00    45
192.93 -10.00    49
203.09 -10.00    46
213.24 -10.00    39
223.39 -10.00    37
233.55 -10.00    43
243.70 -10.00    41
253.86 -10.00    40
264.01 -10.00    42
274.17 -10.00    34
284.32 -10.00    77
294.47 -10.00    50
304.63 -10.00    59
314.78 -10.00    94
324.94 -10.00    58
335.09 -10.00    47
345.25 -10.00    38
355.40 -10.00    36
  0.00   0.00    30
 10.00   0.00    23
 20.00   0.00    19
 30.00   0.00    21
 40.00   0.00    28
 50.00   0.00    33
 60.00   0.00    28
 70.00   0.00    50
 80.00   0.00    70
 90.00   0.00    84
100.00   0.00    79
110.00   0.00   114
120.00   0.00    78
130.00   0.00    31
140.00   0.00    61
150.00   0.00    33
160.00   0.00    37
170.00   0.00    23
180.00   0.00    34
190.00   0.00    45
200.00   0.00    21
210.00   0.00    21
220.00   0.00    48
230.00   0.00    18
240.00   0.00    47
250.00   0.00    22
260.00   0.00    70
270.00   0.00    69
280.00   0.00    55
290.00   0.00    54
300.00   0.00    98
310.00   0.00    54
320.00   0.00    55
330.00   0.00    53
340.00   0.00    46
350.00   0.00    30
  0.00  10.00    24
 10.15  10.00    29
 20.31  10.00    31
 30.46  10.00    30
 40.62  10.00    24
 50.77  10.00    39
 60.93  10.00    46
 71.08  10.00    43
 81.23  10.00    98
 91.39  10.00    71
101.54  10.00    61
111.70  10.00    87
121.85  10.00    68
132.01  10.00    61
142.16  10.00    58
152.31  10.00    21
162.47  10.00    47
172.62  10.00    22
182.78  10.00    18
192.93  10.00    32
203.09  10.00    19
213.24  10.00    32
223.39  10.00    21
233.55  10.00    42
243.70  10.00    47
253.86  10.00    49
264.01  10.00    84
274.17  10.00    88
284.32  10.00   126
294.47  10.00   152
304.63  10.00    89
314.78  10.00    55
324.94  10.00    74
335.09  10.00    74
345.25  10.00    45
355.40  10.00    54
  0.00  20.00    33
 10.64  20.00    66
 21.28  20.00    21
 31.93  20.00    74
 42.57  20.00    30
 53.21  20.00   117
 63.85  20.00    68
 74.49  20.00    42
 85.13  20.00   121
 95.78  20.00   104
106.42  20.00    67
117.06  20.00    59
127.70  20.00    98
138.34  20.00    34
148.98  20.00    33
159.63  20.00    49
170.27  20.00    39
180.91  20.00    28
191.55  20.00    22
202.19  20.00    26
212.84  20.00    29
223.48  20.00    50
234.12  20.00    47
244.76  20.00    67
255.40  20.00    60
266.04  20.00    97
276.69  20.00   125
287.33  20.00    88
297.97  20.00   226
308.61  20.00   125
319.25  20.00    86
329.90  20.00    62
340.54  20.00    34
351.18  20.00    28
  0.00  30.00    60
 11.55  30.00    90
 23.09  30.00    77
 34.64  30.00    48
 46.19  30.00    73
 57.74  30.00   108
 69.28  30.00    51
 80.83  30.00   102
 92.38  30.00   153
103.92  30.00    92
115.47  30.00    84
127.02  30.00    67
138.56  30.00    65
150.11  30.00    24
161.66  30.00    45
173.21  30.00    42
184.75  30.00    83
196.30  30.00    38
207.85  30.00    32
219.39  30.00    45
230.94  30.00    51
242.49  30.00    35
254.03  30.00    71
265.58  30.00   110
277.13  30.00   114
288.68  30.00   213
300.22  30.00   244
311.77  30.00   195
323.32  30.00   128
334.86  30.00   113
346.41  30.00    90
357.96  30.00    56
  0.00  40.00    76
 13.05  40.00    92
 26.11  40.00    97
 39.16  40.00    63
 52.22  40.00    67
 65.27  40.00    88
 78.32  40.00    84
 91.38  40.00    95
104.43  40.00    68
117.49  40.00    35
130.54  40.00    48
143.59  40.00    56
156.65  40.00    56
169.70  40.00    65
182.76  40.00    62
195.81  40.00    47
208.87  40.00    33
221.92  40.00    66
234.97  40.00    28
248.03  40.00    75
261.08  40.00    72
274.14  40.00   112
287.19  40.00   155
300.24  40.00   326
313.30  40.00   181
326.35  40.00    76
339.41  40.00    63
352.46  40.00    83
  0.00  50.00    98
 15.56  50.00    78
 31.11  50.00   130
 46.67  50.00   187
 62.23  50.00    92
 77.79  50.00    97
 93.34  50.00    86
108.90  50.00   104
124.46  50.00    30
140.02  50.00    78
155.57  50.00    19
171.13  50.00    32
186.69  50.00    40
202.24  50.00    56
217.80  50.00    22
233.36  50.00    42
248.92  50.00    64
264.47  50.00   109
280.03  50.00    64
295.59  50.00   164
311.14  50.00   208
326.70  50.00   108
342.26  50.00   201
357.82  50.00   122
  0.00  60.00    88
 20.00  60.00   176
 40.00  60.00    54
 60.00  60.00   106
 80.00  60.00    75
100.00  60.00   116
120.00  60.00    71
140.00  60.00    41
160.00  60.00    64
180.00  60.00    46
200.00  60.00    54
220.00  60.00    57
240.00  60.00    84
260.00  60.00    43
280.00  60.00    49
300.00  60.00   121
320.00  60.00   141
340.00  60.00   184
360.00  60.00    88
  0.00  70.00   118
 29.24  70.00    81
 58.48  70.00    64
 87.71  70.00    58
116.95  70.00    35
146.19  70.00    23
175.43  70.00    74
204.67  70.00    40
233.90  70.00    71
263.14  70.00    95
292.38  70.00    66
321.62  70.00   133
350.86  70.00   126
  0.00  80.00   122
 57.59  80.00    56
115.18  80.00    63
172.76  80.00    67
230.35  80.00    57
287.94  80.00    72
345.53  80.00   122
  0.00  90.00    73

--------------------------------
total = 424
n30   = 254
n60   = 397
n90   = 423
n120  = 424
