  0.00 -90.00     9
  0.00 -80.00     7
 57.59 -80.00     7
115.18 -80.00     3
172.76 -80.00    11
230.35 -80.00    20
287.94 -80.00    14
345.53 -80.00    12
  0.00 -70.00    14
 29.24 -70.00     8
 58.48 -70.00     5
 87.71 -70.00    10
116.95 -70.00     5
146.19 -70.00     9
175.43 -70.00     7
204.67 -70.00    14
233.90 -70.00    21
263.14 -70.00    16
292.38 -70.00    13
321.62 -70.00    16
350.86 -70.00    12
  0.00 -60.00     8
 20.00 -60.00     6
 40.00 -60.00     7
 60.00 -60.00     6
 80.00 -60.00     7
100.00 -60.00     5
120.00 -60.00    39
140.00 -60.00    15
160.00 -60.00    41
180.00 -60.00    17
200.00 -60.00    40
220.00 -60.00    19
240.00 -60.00    34
260.00 -60.00    23
280.00 -60.00    11
300.00 -60.00    18
320.00 -60.00     6
340.00 -60.00     5
360.00 -60.00     8
  0.00 -50.00     7
 15.56 -50.00     4
 31.11 -50.00     7
 46.67 -50.00     5
 62.23 -50.00     5
 77.79 -50.00    11
 93.34 -50.00     4
108.90 -50.00    20
124.46 -50.00    32
140.02 -50.00    15
155.57 -50.00    19
171.13 -50.00    14
186.69 -50.00    12
202.24 -50.00    17
217.80 -50.00    16
233.36 -50.00    16
248.92 -50.00    23
264.47 -50.00    38
280.03 -50.00    29
295.59 -50.00    10
311.14 -50.00     3
326.70 -50.00     9
342.26 -50.00    10
357.82 -50.00     7
  0.00 -40.00    11
 13.05 -40.00     7
 26.11 -40.00     7
 39.16 -40.00     7
 52.22 -40.00     9
 65.27 -40.00     6
 78.32 -40.00     7
 91.38 -40.00     6
104.43 -40.00    10
117.49 -40.00    15
130.54 -40.00    18
143.59 -40.00    17
156.65 -40.00     8
169.70 -40.00    11
182.76 -40.00    10
195.81 -40.00    11
208.87 -40.00    20
221.92 -40.00     7
234.97 -40.00    20
248.03 -40.00    12
261.08 -40.00    22
274.14 -40.00    18
287.19 -40.00    13
300.24 -40.00    24
313.30 -40.00     3
326.35 -40.00     7
339.41 -40.00    10
352.46 -40.00     4
  0.00 -30.00     8
 11.55 -30.00     5
 23.09 -30.00    10
 34.64 -30.00     7
 46.19 -30.00    12
 57.74 -30.00     7
 69.28 -30.00     9
 80.83 -30.00     8
 92.38 -30.00    20
103.92 -30.00    16
115.47 -30.00    17
127.02 -30.00    20
138.56 -30.00    12
150.11 -30.00     6
161.66 -30.00     1
173.21 -30.00    15
184.75 -30.00     5
196.30 -30.00     9
207.85 -30.00     4
219.39 -30.00    13
230.94 -30.00     8
242.49 -30.00    10
254.03 -30.00    25
265.58 -30.00    18
277.13 -30.00    37
288.68 -30.00    14
300.22 -30.00    12
311.77 -30.00    18
323.32 -30.00     2
334.86 -30.00     3
346.41 -30.00    14
357.96 -30.00    12
  0.00 -20.00     5
 10.64 -20.00     3
 21.28 -20.00     8
 31.93 -20.00     6
 42.57 -20.00     4
 53.21 -20.00     2
 63.85 -20.00     8
 74.49 -20.00     5
 85.13 -20.00    11
 95.78 -20.00    10
106.42 -20.00    14
117.06 -20.00    16
127.70 -20.00     4
138.34 -20.00    12
148.98 -20.00    14
159.63 -20.00    11
170.27 -20.00    12
180.91 -20.00    12
191.55 -20.00     7
202.19 -20.00     4
212.84 -20.00     8
223.48 -20.00    14
234.12 -20.00    12
244.76 -20.00     8
255.40 -20.00    10
266.04 -20.00    15
276.69 -20.00    10
287.33 -20.00    28
297.97 -20.00    12
308.61 -20.00    17
319.25 -20.00    10
329.90 -20.00     6
340.54 -20.00    13
351.18 -20.00    12
  0.00 -10.00     6
 10.15 -10.00    11
 20.31 -10.00     5
 30.46 -10.00     8
 40.62 -10.00     6
 50.77 -10.00     8
 60.93 -10.00     7
 71.08 -10.00     8
 81.23 -10.00     3
 91.39 -10.00    11
101.54 -10.00    16
111.70 -10.00    11
121.85 -10.00     8
132.01 -10.00     9
142.16 -10.00    14
152.31 -10.00    11
162.47 -10.00    11
172.62 -10.00    11
182.78 -10.00     7
192.93 -10.00    10
203.09 -10.00     7
213.24 -10.00     4
223.39 -10.00     5
233.55 -10.00    12
243.70 -10.00    11
253.86 -10.00     3
264.01 -10.00     3
274.17 -10.00    11
284.32 -10.00    16
294.47 -10.00     8
304.63 -10.00     9
314.78 -10.00     9
324.94 -10.00    12
335.09 -10.00     7
345.25 -10.00     1
355.40 -10.00     5
  0.00   0.00     6
 10.00   0.00     2
 20.00   0.00     8
 30.00   0.00     5
 40.00   0.00    11
 50.00   0.00     8
 60.00   0.00     1
 70.00   0.00     9
 80.00   0.00    17
 90.00   0.00     8
100.00   0.00    13
110.00   0.00    12
120.00   0.00     9
130.00   0.00     8
140.00   0.00     6
150.00   0.00     5
160.00   0.00     3
170.00   0.00     8
180.00   0.00     3
190.00   0.00     9
200.00   0.00     6
210.00   0.00     8
220.00   0.00     9
230.00   0.00    11
240.00   0.00     4
250.00   0.00     8
260.00   0.00    18
270.00   0.00    12
280.00   0.00    13
290.00   0.00    22
300.00   0.00    15
310.00   0.00    17
320.00   0.00    17
330.00   0.00    12
340.00   0.00    20
350.00   0.00     8
  0.00  10.00     8
 10.15  10.00     7
 20.31  10.00     3
 30.46  10.00     7
 40.62  10.00     5
 50.77  10.00     6
 60.93  10.00     4
 71.08  10.00     6
 81.23  10.00    17
 91.39  10.00    17
101.54  10.00    11
111.70  10.00    14
121.85  10.00    19
132.01  10.00     6
142.16  10.00     9
152.31  10.00     3
162.47  10.00     9
172.62  10.00     6
182.78  10.00     5
192.93  10.00     5
203.09  10.00     7
213.24  10.00     2
223.39  10.00    16
233.55  10.00    16
243.70  10.00     8
253.86  10.00    10
264.01  10.00    19
274.17  10.00    15
284.32  10.00    29
294.47  10.00    22
304.63  10.00    15
314.78  10.00     9
324.94  10.00    12
335.09  10.00    14
345.25  10.00    19
355.40  10.00     9
  0.00  20.00    11
 10.64  20.00    10
 21.28  20.00    10
 31.93  20.00     5
 42.57  20.00    10
 53.21  20.00    11
 63.85  20.00     9
 74.49  20.00    14
 85.13  20.00    25
 95.78  20.00    18
106.42  20.00    30
117.06  20.00    14
127.70  20.00     9
138.34  20.00    13
148.98  20.00     7
159.63  20.00     5
170.27  20.00     7
180.91  20.00     2
191.55  20.00     1
202.19  20.00     8
212.84  20.00    11
223.48  20.00    22
234.12  20.00     5
244.76  20.00    18
255.40  20.00    11
266.04  20.00    12
276.69  20.00    31
287.33  20.00    20
297.97  20.00    45
308.61  20.00    39
319.25  20.00    12
329.90  20.00    32
340.54  20.00    11
351.18  20.00     5
  0.00  30.00    22
 11.55  30.00    18
 23.09  30.00    18
 34.64  30.00    23
 46.19  30.00    14
 57.74  30.00     5
 69.28  30.00     8
 80.83  30.00    24
 92.38  30.00    16
103.92  30.00     6
115.47  30.00     9
127.02  30.00     7
138.56  30.00     9
150.11  30.00    17
161.66  30.00     7
173.21  30.00     6
184.75  30.00    10
196.30  30.00    10
207.85  30.00     8
219.39  30.00    12
230.94  30.00     5
242.49  30.00     2
254.03  30.00    18
265.58  30.00    11
277.13  30.00    20
288.68  30.00    32
300.22  30.00    40
311.77  30.00    42
323.32  30.00    12
334.86  30.00    16
346.41  30.00    10
357.96  30.00    27
  0.00  40.00    25
 13.05  40.00    24
 26.11  40.00    25
 39.16  40.00     7
 52.22  40.00    18
 65.27  40.00    10
 78.32  40.00    36
 91.38  40.00    21
104.43  40.00     9
117.49  40.00    15
130.54  40.00     7
143.59  40.00    12
156.65  40.00    15
169.70  40.00     6
182.76  40.00     9
195.81  40.00     6
208.87  40.00     8
221.92  40.00    12
234.97  40.00    11
248.03  40.00     7
261.08  40.00     9
274.14  40.00    30
287.19  40.00    58
300.24  40.00    56
313.30  40.00    20
326.35  40.00    15
339.41  40.00    37
352.46  40.00    25
  0.00  50.00    21
 15.56  50.00    17
 31.11  50.00    18
 46.67  50.00    25
 62.23  50.00    18
 77.79  50.00    16
 93.34  50.00    11
108.90  50.00    22
124.46  50.00    11
140.02  50.00     4
155.57  50.00    15
171.13  50.00    13
186.69  50.00     9
202.24  50.00     4
217.80  50.00    14
233.36  50.00    10
248.92  50.00    11
264.47  50.00     5
280.03  50.00    16
295.59  50.00    27
311.14  50.00    34
326.70  50.00    37
342.26  50.00    24
357.82  50.00    31
  0.00  60.00    37
 20.00  60.00    28
 40.00  60.00    22
 60.00  60.00    14
 80.00  60.00     9
100.00  60.00    14
120.00  60.00    14
140.00  60.00    12
160.00  60.00     7
180.00  60.00     5
200.00  60.00     9
220.00  60.00    15
240.00  60.00    12
260.00  60.00    13
280.00  60.00    28
300.00  60.00    28
320.00  60.00    16
340.00  60.00    30
360.00  60.00    37
  0.00  70.00    28
 29.24  70.00    13
 58.48  70.00    16
 87.71  70.00    10
116.95  70.00    10
146.19  70.00    16
175.43  70.00    14
204.67  70.00    11
233.90  70.00    19
263.14  70.00    25
292.38  70.00    19
321.62  70.00    32
350.86  70.00    19
  0.00  80.00     9
 57.59  80.00    13
115.18  80.00    13
172.76  80.00     2
230.35  80.00    15
287.94  80.00    14
345.53  80.00    13
  0.00  90.00    16

--------------------------------
total = 424
n30   = 2
n60   = 47
n90   = 122
n120  = 198
